0 0 0 0 1 2 6 91
0 0 3 94 97
0 0 5 7 8 95 96 101 134
0 0 6 9 10 11 15 97
0 0 37 88 97
0 0 38 97
0 0 40 2
0 0 41 0 1 91
0 0 47 130
0 0 53 0 6
0 1 0 0 1 91
0 1 6 10 11 15 97 43 127
0 1 10 4 16 19 20 102 103 107
0 1 11 25 26 27 28 29
0 1 14 43 127 133
0 1 15 4 21 102 104 105
0 1 16 98 106 108 109
0 1 17 21 22 23 46 110 111 112
0 1 18 4 16 19 102 104
0 1 19 37 38 39 40 41 42
0 1 29 4 16 19 102 104
0 2 0 0 1 91
0 2 6 10 11 15 97 43 127
0 2 14 43 127 133
0 2 16 98 106 108 109
0 2 18 4 16 19 102 104
0 2 29 4 16 19 102 104
0 2 43 62 63 64 65 66 67 68 69 70
0 2 47 47 48 49 50 51
0 2 48 99 136 137 139 140
0 2 49 106 131 132 135
0 2 59 106 131 132
0 3 0 0 1 91
0 3 6 10 15 97 43 127
0 3 10 4 16 19 20 102 103 107
0 3 11 25 28 29 54
0 3 28 25 28 29 54
0 3 29 4 16 19 102 104 107
0 4 20 150 152
0 4 21 151
0 4 31 62 63 64 65 66 67 68 69 70 73 74 75 76 77
0 4 32 62 63 64 65 66 67 68 69 70 73 74 75 76 77
0 4 34 56 57
0 5 22 56 57
0 5 34 56 57
0 6 23 58 59 60 61 154 155 156
0 6 24 58 59 60 61 154 155 156
0 7 31 62 63 64 65 66 67 68 69 70 73 74 75 76 77
0 7 32 62 63 64 65 66 67 68 69 70 73 74 75 76 77
0 7 43 62 63 64 65 66 67 68 69 70 73 74 75 76 77
0 8 26 4 47 48 49 50
0 8 27 4 16 47 48 49 50
0 8 30 4 16 19 20 102 103 107
0 8 31 62 63 64 65 66 67 68 69 70
0 8 32 62 63 64 65 66 67 68 69 70
0 8 43 62 63 64 65 66 67 68 69 70
0 9 30 4 16 19 20 102 103 107
0 9 31 74 75 76 77 78 79 80 73
0 9 32 74 75 76 77 78 79 80 73
0 9 43 73 74 75 76 77 78 79 80 84 85 86 87
0 13 37 88 97
0 13 38 97
0 13 39 3
0 13 40 2 89 90
0 13 41 0 1 91
0 13 42 92
0 13 44 93